2
5
6
7
10
12
17
19
20
25
26
32
33
34
35
38
42
43
45
46
47
48
49
51
53
55
56
58
59
61
64
66
67
76
77
78
81
83
85
87
88
89
90
91
92
93
94
95
99
100
101
102
103
107
108
109
110
111
114
115
116
117
123
124
127
128
131
132
136
137
140
142
144
146
148
152
153
154
156
157
158
160
166
168
170
174
177
178
183
185
186
188
189
192
199
201
203
204
209
211
213
215
216
217
220
221
222
225
227
231
236
237
239
240
246
251
252
253
254
255
257
258
261
265
266
267
269
270
274
275
276
279
281
284
285
287
288
289
292
295
296
298
299
300
304
305
307
308
309
312
314
317
321
322
324
325
326
328
331
333
334
336
338
339
340
343
344
345
346
348
349
350
352
354
355
356
357
358
362
363
364
365
366
367
368
369
370
372
373
374
375
382
387
388
390
391
392
394
395
397
399
400
401
402
403
405
406
409
410
412
413
414
415
416
417
418
419
420
426
427
433
434
438
440
442
443
445
450
451
452
453
454
456
458
459
460
461
462
464
465
467
468
469
470
471
473
474
475
476
477
479
481
482
485
486
487
489
492
493
501
503
506
507
509
510
513
514
515
522
524
526
528
534
535
536
539
540
541
544
545
548
550
555
556
562
564
565
567
569
570
574
575
579
585
591
592
596
597
598
599
600
603
605
608
611
1
3
4
8
9
11
13
14
15
16
18
21
22
23
24
27
28
29
30
31
36
37
39
40
41
44
50
52
54
57
60
62
63
65
68
69
70
71
72
73
74
75
79
80
82
84
86
96
97
98
104
105
106
112
113
118
119
120
121
122
125
126
129
130
133
134
135
138
139
141
143
145
147
149
150
151
155
159
161
162
163
164
165
167
169
171
172
173
175
176
179
180
181
182
184
187
190
191
193
194
195
196
197
198
200
202
205
206
207
208
210
212
214
218
219
223
224
226
228
229
230
232
233
234
235
238
241
242
243
244
245
247
248
249
250
256
259
260
262
263
264
268
271
272
273
277
278
280
282
283
286
290
291
293
294
297
301
302
303
306
310
311
313
315
316
318
319
320
323
327
329
330
332
335
337
341
342
347
351
353
359
360
361
371
376
377
378
379
380
381
383
384
385
386
389
393
396
398
404
407
408
411
421
422
423
424
425
428
429
430
431
432
435
436
437
439
441
444
446
447
448
449
455
457
463
466
472
478
480
483
484
488
490
491
494
495
496
497
498
499
500
502
504
505
508
511
512
516
517
518
519
520
521
523
525
527
529
530
531
532
533
537
538
542
543
546
547
549
551
552
553
554
557
558
559
560
561
563
566
568
571
572
573
576
577
578
580
581
582
583
584
586
587
588
589
590
593
594
595
601
602
604
606
607
609
610